logU Z xi lnh al NV_1240 CIV_1550 HeII_1640 CIII_1908 MgII_2796 MgII_2803 OII_3727 NeV_3426 NIII__3869 Hbeta OIII_4959 OIII_5007 OI_6300 OI_6363 NII_6548 Halpha NII_6584 SII_6717 SII_6731 SIII_6312 SIII_9069 SIII_9532 PB PG P7 P8 P9
-1.5 0.008 0.3 3.0 -1.4 -2.964490214910441 -2.02939281110438 -2.516327136193688 -2.580986519564192 -3.459945957735925 -3.5973947580800854 -3.0472414497095244 -2.8921119748172046 -2.9990022696422045 -3.052115551673836 -2.4701719811507417 -1.9916127698858404 -2.889848171481731 -3.386179312189576 -4.192708569852037 -2.584258963777657 -3.722734690543156 -3.012606371695981 -3.14349465665196 -4.590489547730684 -3.5572381095688783 -3.162790472198793 -3.9024650527827234 -4.147489509225956 -4.360583242507587 -4.54177020177643 -4.699600188328667
-1.5 0.008 0.3 3.0 -1.7 -3.1262377703183404 -2.2361977759254046 -2.743258207374744 -2.7969399024040413 -3.4847886956722007 -3.595183381924599 -3.326021198308233 -3.093471023817869 -3.098133187134451 -3.194954744277247 -2.5200218192192168 -2.041450450165776 -3.2794603385138785 -3.7757778139153535 -4.58967838226932 -2.740740690147639 -4.119701008574246 -3.348169775046692 -3.474721903373428 -4.742633461414982 -3.79320109961845 -3.3987550751894773 -4.03127895523447 -4.277481246575391 -4.485040725891274 -4.661822500703465 -4.815677734422842
-1.5 0.014 0.3 3.0 -1.4 -2.823301153881431 -2.132956996355574 -2.5844090569126905 -2.665707128451537 -3.633932095187518 -3.802912504550108 -2.943743264149859 -2.8324463788031764 -3.0510005459730465 -3.201321737341793 -2.5268927473665386 -2.0483225626567005 -3.0610651916577183 -3.557394821035196 -3.89863103675075 -2.736813842586294 -3.428663913183108 -3.2630699223257054 -3.374276090474247 -4.582030357785264 -3.521606679585659 -3.1271505754156905 -4.047013934802948 -4.293615105225733 -4.506123889147176 -4.687378417413022 -4.845667338757693
-1.5 0.014 0.3 3.0 -1.7 -3.026318081496015 -2.359468875427908 -2.7892000896032485 -2.927456014356352 -3.627935329281868 -3.7546600973046793 -3.26911279596451 -3.0310689786883387 -3.165407647213037 -3.337553839211637 -2.57285483875701 -2.094285051610236 -3.480920529623475 -3.977241805763228 -4.32292255229455 -2.886859163132918 -3.8529423289716433 -3.547355032320006 -3.6549008538671046 -4.772807693485966 -3.7584286179108304 -3.3639636836465527 -4.16869985109151 -4.416393203626804 -4.624080456295353 -4.801617869991709 -4.956598421089119
-1.5 0.017 0.3 3.0 -1.4 -2.773786879275896 -2.174346732275694 -2.6120054304589644 -2.7040152985905266 -3.6818949079599577 -3.8596805483298695 -2.913497801029628 -2.8182707151173148 -3.0698255485136485 -3.256004473501349 -2.550059011226665 -2.0715017318763103 -3.103027592340055 -3.599341150235027 -3.7969671129852927 -2.792554146015746 -3.326997534641926 -3.367826255964445 -3.4668382630393992 -4.580391165091896 -3.5164554927726925 -3.122007032850327 -4.099725749276651 -4.346999859889159 -4.559295525120142 -4.740525580468926 -4.89890623326334
-1.5 0.017 0.3 3.0 -1.7 -2.9952918034556646 -2.409113601626764 -2.807990407346331 -2.986614982250316 -3.6790025832057793 -3.809416204022824 -3.26026947143528 -3.018063664715328 -3.196092435081944 -3.3878945960359417 -2.5988408009762125 -2.120279232121092 -3.5637419141099613 -4.060071605136351 -4.231132604456128 -2.937756558973525 -3.761176377738927 -3.663720425649672 -3.756788268255242 -4.79053860537001 -3.755203521252376 -3.360742671480594 -4.216911487244708 -4.465263350049639 -4.673131840106322 -4.850965732838752 -5.006330151053589
-1.5 0.02 0.3 3.0 -1.4 -2.7320777084688856 -2.2103769884850024 -2.6360309550211625 -2.740358346571142 -3.718353142132486 -3.902222265460715 -2.8922813894797343 -2.8082416786295497 -3.0854928893139477 -3.303075991594575 -2.5697313942040907 -2.0911612556343258 -3.1276106115821776 -3.6239342784138273 -3.7123102160639263 -2.840613299038246 -3.242338312844751 -3.4532599747907256 -3.5397187218220907 -4.5803085414815214 -3.512663620066114 -3.118210342796651 -4.144953555750305 -4.392813142574589 -4.60490086268743 -4.786083990355976 -4.944468774949101
-1.5 0.02 0.3 3.0 -1.7 -2.9709004331764604 -2.452828558436501 -2.8243142717379186 -3.042823869595153 -3.719672081252327 -3.852230953739856 -3.258761708543723 -3.010483441383677 -3.2239892973215234 -3.430111329341884 -2.6229670906896345 -2.144396053129583 -3.6153240766404338 -4.111651989821951 -4.155075712531328 -2.980260767325298 -3.6851009757266056 -3.7586527827618 -3.8368386250229847 -4.808353401437266 -3.754117352482737 -3.3596676599522226 -4.2571413809628496 -4.506096032793494 -4.714172747246728 -4.892247501259838 -5.047905312331977
-1.5 0.03 0.3 3.0 -1.4 -2.628728898512413 -2.3023783996656064 -2.6972795501038647 -2.85145903913277 -3.811662220959249 -4.006797513688355 -2.86710023005552 -2.790190194214624 -3.128993651150012 -3.424292698523317 -2.6186141339866253 -2.140051535543975 -3.178231079360934 -3.6745459139437457 -3.512465705842878 -2.964730399900567 -3.0424980672678714 -3.60249450310198 -3.659754238432072 -4.597154218344272 -3.5076028385984657 -3.1131484527218944 -4.260791697814199 -4.510266456217593 -4.721886884020165 -4.90291630393348 -5.061260181326318
-1.5 0.03 0.3 3.0 -1.7 -2.915566723213452 -2.564569748417036 -2.8664930262216477 -3.21188114408163 -3.8266971581118128 -3.9585678353197338 -3.2930689623278013 -3.0051507556653405 -3.304203224109699 -3.535004021381134 -2.6912008960888727 -2.2126387231513505 -3.710678662428528 -4.207006319440325 -3.9764183423350583 -3.085033091889507 -3.5064583048325204 -3.9468062723991295 -3.9858996784803793 -4.873219422987994 -3.754314635766761 -3.3598565895646217 -4.3562414510485326 -4.606916397910545 -4.815677734422842 -4.9944334288667065 -5.150721893108354
-1.5 0.04 0.3 3.0 -1.4 -2.556205229697291 -2.366359880533309 -2.738118850616331 -2.949736277354205 -3.889612334124912 -4.088783778782236 -2.884489337615001 -2.781674603390329 -3.167989534540084 -3.5125646516804494 -2.652065321364738 -2.1735040710762874 -3.23096256107678 -3.727276765386158 -3.3856301604517114 -3.0549501544402133 -2.915674004983174 -3.660807025900347 -3.703049760463358 -4.632662718622129 -3.51334286866112 -3.1188950710044523 -4.34465023434457 -4.595371510358078 -4.806764058360244 -4.987711260165391 -5.14603423819991
-1.5 0.04 0.3 3.0 -1.7 -2.8824304365361755 -2.6408287942833013 -2.895103370051032 -3.355285755504241 -3.9132132043733776 -4.037957573807006 -3.366693172439362 -3.012248850415517 -3.371713268910483 -3.608747232649442 -2.7445345180075336 -2.2659766756869004 -3.794849790859821 -4.291171343495229 -3.870471226141227 -3.157752823338214 -3.400520856812569 -4.025783156500054 -4.045733363759638 -4.946153573147747 -3.7612264982793056 -3.36677400901138 -4.424997000566471 -4.677078130416909 -4.886558046034679 -5.065834972479649 -5.222500680409638
-2.5 0.008 0.3 3.0 -1.4 -3.2951719632196657 -2.188424994129406 -2.426501793848068 -2.2831956211269144 -3.049654621149429 -3.237006518211082 -2.3714373868912237 -3.0590106306884266 -2.6568475283377424 -2.702611588119374 -2.111382499739989 -1.632811864614375 -3.056065476897139 -3.552392396432687 -3.783042792638902 -2.23952474094029 -3.3130689394949613 -3.24534593074457 -3.2748645868247266 -3.993362840931411 -3.0495377810944007 -2.65507746414616 -3.5211450324713383 -3.771471322642818 -3.97951441420345 -4.154808906852104 -4.305482546188841
-2.5 0.008 0.3 3.0 -1.7 -3.418198202045957 -2.468521082957743 -2.684260500391659 -2.578396073130172 -3.098378235906644 -3.2490136043924736 -2.5564553993366417 -3.3836190224056537 -2.845910930985582 -2.8360042453582537 -2.28395489928792 -1.805402414757488 -3.519403851818275 -4.015733791866161 -4.008720748646937 -2.3767713907841284 -3.5387566624192246 -3.532169994821025 -3.521707730338939 -4.18312264280258 -3.2266451393332574 -2.83218071012287 -3.6470268209940713 -3.8972576638554273 -4.103170763925895 -4.276052023568354 -4.42396979440867
-2.5 0.014 0.3 3.0 -1.4 -3.1722495940197533 -2.298717033258576 -2.447161505711975 -2.4293520015806607 -3.0862020367294463 -3.278453173107401 -2.3175119574138634 -3.0024781927657216 -2.648803000057306 -2.7804416684527737 -2.094630530937387 -1.6160590298137905 -3.0416989707463244 -3.538021523471322 -3.484417549101771 -2.3188945008602104 -3.0144522817154358 -3.234405944680553 -3.24082337459663 -3.996324097451215 -2.972487307551191 -2.5780343117748856 -3.5888013260444467 -3.841818501648525 -4.050341692018257 -4.226491475412125 -4.378231901896406
-2.5 0.014 0.3 3.0 -1.7 -3.3066248489748133 -2.6038878693885223 -2.7008196892546508 -2.7771795186778334 -3.1425830656284504 -3.294615301610591 -2.5293543421132725 -3.3474055891319168 -2.8697627521147737 -2.9119702821572844 -2.293598027860241 -1.81502480930174 -3.532865659494405 -4.029188389127484 -3.7238600146498575 -2.452508354913334 -3.253887579079468 -3.5098728952646 -3.476930207175002 -4.2242294058561285 -3.1645313875072816 -2.770087891669853 -3.712601410765743 -3.9654517529015294 -4.172482109921091 -4.346652393399189 -4.495991543598954
-2.5 0.017 0.3 3.0 -1.4 -3.1348308564518987 -2.3525583454069547 -2.4568387158051976 -2.503222519960985 -3.115414189804433 -3.3066952427640786 -2.319229503343763 -2.992550955502253 -2.662580675670327 -2.8123946845818537 -2.103931465748879 -1.625361615879811 -3.051425670982951 -3.547753425479563 -3.389031256858786 -2.350694354903702 -2.919048995620514 -3.2387338750257086 -3.2375690321900734 -4.01503186528177 -2.957109610270756 -2.562645872151826 -3.617010938035541 -3.87108402154616 -4.080028076779556 -4.256623522982686 -4.408846316061712
-2.5 0.017 0.3 3.0 -1.7 -3.2773825283263136 -2.66346021924646 -2.708608946921593 -2.871406893081293 -3.1728117206899498 -3.3221103004971653 -2.5424814282860027 -3.3464209034197907 -2.895376339564677 -2.94408677608385 -2.312497792862928 -1.833925282642923 -3.556674416046256 -4.0530027525515 -3.6346805241037856 -2.483993769613953 -3.164702690563658 -3.5134986795367453 -3.473079467361352 -4.257479105798737 -3.155094332999184 -2.7606504609938654 -3.740884155814932 -3.994776575141863 -4.202351666087544 -4.377092075106184 -4.527009650323343
-2.5 0.02 0.3 3.0 -1.4 -3.103694292533916 -2.402118414531316 -2.4659992920246268 -2.5751836757206448 -3.147922769411465 -3.33709113563323 -2.3311949025881877 -2.987669044419853 -2.681269033111903 -2.8415470393111733 -2.1176519478203986 -1.6390848657763186 -3.0676936942148103 -3.5640123786737874 -3.313864440893361 -2.379437150640001 -2.84390536936057 -3.246784753521119 -3.239396598231366 -4.03878779722514 -2.948963304858786 -2.554504773171089 -3.64294224624966 -3.8979438074248094 -4.107287802193028 -4.284305783583712 -4.436958177544518
-2.5 0.02 0.3 3.0 -1.7 -3.254706554018867 -2.716472635138309 -2.71606588654339 -2.9624141571733844 -3.205442248745236 -3.350713831739384 -2.5653033810753314 -3.3502174450788047 -2.924562538414385 -2.9733850320653232 -2.3347098866936378 -1.8561424244060447 -3.5861974832306487 -4.082526000259087 -3.565335306277092 -2.5125363791407693 -3.095370997735984 -3.5222711582174497 -3.475655814571887 -4.294144836904202 -3.1521190025546275 -2.75765737897536 -3.766876921478918 -4.021673372801935 -4.229788861319818 -4.405044226736592 -4.555455584260464
-2.5 0.03 0.3 3.0 -1.4 -3.0196284300591074 -2.5311654695672487 -2.493292073649883 -2.794552022948324 -3.266305307156614 -3.443046545603117 -2.4152392175581383 -2.986362387546471 -2.759625503041768 -2.9242706002590992 -2.175783019385669 -1.6972146638543038 -3.148704951889449 -3.645027674981023 -3.152297812105964 -2.460196502615325 -2.682333557643496 -3.288910159859469 -3.266891047740714 -4.135447390034173 -2.9498523419797 -2.5554087743570406 -3.7176951716294298 -3.975022027904373 -4.185659160862159 -4.363823141766851 -4.517612412307571
-2.5 0.03 0.3 3.0 -1.7 -3.199722936427904 -2.84281531779839 -2.7379287873827067 -3.2411637752530424 -3.318306607995438 -3.4451475656279484 -2.683295960299965 -3.3750890968151595 -3.0333233582082144 -3.0559222000072594 -2.41740262415852 -1.93884921907145 -3.7046748529572966 -4.200997366572281 -3.4219341161639107 -2.5921843576158 -2.951985709061944 -3.574726695389373 -3.512988960789208 -4.427047120342003 -3.1668401336641665 -2.7723960643034147 -3.840884178172232 -4.098187630469347 -4.30784956718604 -4.484483802016719 -4.636200054520892
-2.5 0.04 0.3 3.0 -1.4 -2.9475369225166688 -2.6125389836796487 -2.516156053078653 -2.979141718081685 -3.3857568261580084 -3.5455972786607437 -2.5346468957677217 -2.989064335295616 -2.8446639625349377 -2.992380225482598 -2.236804191404765 -1.7582294573538777 -3.250348697008974 -3.746661994673893 -3.066360887475078 -2.526075306583841 -2.596399102481719 -3.3424278923872563 -3.3111621038685257 -4.240898996132934 -2.97033219732468 -2.575870049080443 -3.780310710914194 -4.039372276918527 -4.2510448802474485 -4.430099637315287 -4.584676017300311
-2.5 0.04 0.3 3.0 -1.7 -3.155827372064145 -2.9143527117031454 -2.755896136623491 -3.482658921477011 -3.4233592395914485 -3.529251496619011 -2.835052627378161 -3.400226060853612 -3.1463565346762223 -3.123233862371769 -2.501592947047264 -2.0230313514636933 -3.8409745087750977 -4.337308261638114 -3.353978778172525 -2.656650497900692 -2.8840235705451818 -3.6467186604547095 -3.574433176034745 -4.564314862058367 -3.198637457287468 -2.804183341727125 -3.901841016539464 -4.1610942658504655 -4.371999554011097 -4.549689293994994 -4.702305130306925
-2.0 0.008 0.3 3.0 -1.4 -3.0684150125292007 -2.0136045187377505 -2.455027084767984 -2.351893808266283 -3.2666983883122995 -3.433550722497216 -2.739189508933024 -2.870761389868072 -2.783702113369607 -2.861634136321001 -2.2185462237366096 -1.7399763393056915 -3.105069490966578 -3.6014003649046487 -4.029383517108599 -2.398733320218682 -3.559405738160166 -3.3573376685579674 -3.4349908957874007 -4.267734939090971 -3.310620096465634 -2.9161750039466625 -3.693961183663653 -3.942333896090169 -4.151983403021838 -4.329698471714991 -4.483583627196026
-2.0 0.008 0.3 3.0 -1.7 -3.2306965398109213 -2.2901028009491995 -2.706173561613824 -2.6340442773343185 -3.304325735600699 -3.428116554043584 -2.9564412530852664 -3.1538980397021064 -2.9462686841123897 -3.001435541739056 -2.358258256200628 -1.8796893573635387 -3.620277614613805 -4.116599787786221 -4.353910098725571 -2.54507895465985 -3.883957073150796 -3.72711455524243 -3.770522941126835 -4.43209181733107 -3.5050110263168293 -3.110563827119435 -3.8237350578858553 -4.072362776731623 -4.2789812309056 -4.453716509979593 -4.604463937881562
-2.0 0.014 0.3 3.0 -1.4 -2.942638237014961 -2.1187009550472737 -2.4994342231376763 -2.4720737974668765 -3.3405782456869986 -3.5207558990551746 -2.670581779453414 -2.8125074810195727 -2.805041877793414 -2.9924229016956616 -2.2407402061124486 -1.7621798892059315 -3.082888527506306 -3.579202899000151 -3.741243027463426 -2.532169994821025 -3.271272966341208 -3.4059059224198838 -3.4621809049267256 -4.268830422451309 -3.258753828255905 -2.864295029873276 -3.817956454056933 -4.0684200964861645 -4.278214108137192 -4.456677099353087 -4.611756663104401
-2.0 0.014 0.3 3.0 -1.7 -3.141078002775636 -2.4213264145205 -2.7390227886275227 -2.803657979860233 -3.3833144791044845 -3.5157001606532177 -2.925402955409957 -3.105451341854192 -2.994176246970973 -3.128730709733105 -2.39358638649648 -1.915030711525013 -3.634624347173848 -4.130938510113204 -4.088581360155828 -2.6737870700005715 -3.618614133986625 -3.775311582542713 -3.790592231903624 -4.477334111169888 -3.473880510543111 -3.0794279953967987 -3.943361902620346 -4.19412549672834 -4.4016582407095655 -4.577787828965775 -4.730300302615625
-2.0 0.017 0.3 3.0 -1.4 -2.898390382766891 -2.1660691870863573 -2.519016274704469 -2.529501306509076 -3.378927628856374 -3.5622494371796094 -2.660886585228596 -2.800519085137644 -2.8240245682504863 -3.0425459640488697 -2.2604988572029754 -1.7819373821736235 -3.0831619365524787 -3.5794831687713824 -3.644682601215443 -2.582843970059436 -3.1747232169187427 -3.4230485319373543 -3.47242165049461 -4.280262787711074 -3.2482206675234195 -2.8537789111881224 -3.865599744081017 -4.116889588310876 -4.326850022397686 -4.505622747949559 -4.661125350698619
-2.0 0.017 0.3 3.0 -1.7 -3.111725005506422 -2.4758376418644303 -2.7535014192041984 -2.88114030459041 -3.423808432338163 -3.5568935432627318 -2.9336740746379637 -3.0976489418949527 -3.0242925364628164 -3.177701128737631 -2.418642085588345 -1.9400581119380436 -3.6505670481832766 -4.146892197272443 -4.002954543847451 -2.722780565105559 -3.5329841815615666 -3.793659942219932 -3.800683725746893 -4.507351340966551 -3.4716361562803257 -3.077191530684864 -3.9895728272829487 -4.241163775253042 -4.449123747157145 -4.625783394571627 -4.778898880038497
-2.0 0.02 0.3 3.0 -1.4 -2.859963589024716 -2.20886397418424 -2.5370781696306537 -2.58449246440722 -3.416415861484218 -3.6015912063858337 -2.659754238432072 -2.793255055946254 -2.844390716321086 -3.086424545373916 -2.2812658638760936 -1.8026918684969004 -3.08804381092731 -3.5843590201038467 -3.566070234391539 -2.627069595111209 -3.096096473309835 -3.4386958338598603 -3.4823291460105708 -4.294966343528593 -3.2425432349671865 -2.8480788202000937 -3.907384609058447 -4.159354510510603 -4.369490765948527 -4.548520594875136 -4.704366936265238
-2.0 0.02 0.3 3.0 -1.7 -3.086382153984829 -2.524096475448601 -2.766749990458898 -2.954833551934769 -3.463037750349727 -3.5953715103580777 -2.95043313083535 -3.094781764606303 -3.055196660566658 -3.2204612261297143 -2.4445911344411257 -1.9660136347603936 -3.670175155687083 -4.166502277866641 -3.934831248294252 -2.765432102364315 -3.4648578463022446 -3.811268328554256 -3.811718520477335 -4.539207362420143 -3.4731181935178626 -3.078672550951964 -4.030015962338034 -4.282279580960456 -4.490622719389883 -4.667743375835798 -4.821339541461832
-2.0 0.03 0.3 3.0 -1.4 -2.7566146546283434 -2.321226763982011 -2.5875058527493664 -2.7497264137677533 -3.5343346515746674 -3.7202646325894975 -2.6942188487450167 -2.784917884986825 -2.914887886733162 -3.203293872170235 -2.348974105073161 -1.8704067716320691 -3.127290281712092 -3.623623813684041 -3.384365531122583 -2.7443416268287493 -2.914388369528353 -3.4855452255295774 -3.515059870531971 -4.358079925586885 -3.2440794315247814 -2.8496120226747195 -4.018879360588734 -4.272556348204333 -4.483226721698415 -4.6629402736794745 -4.819501376767988
-2.0 0.03 0.3 3.0 -1.7 -3.018933794825095 -2.6429995095590755 -2.803630346832392 -3.172785859822234 -3.584325665433738 -3.708076424116115 -3.0434954096833025 -3.0997038938582904 -3.155920643696483 -3.3316886467030784 -2.5280778459857345 -2.049513443372305 -3.758005510843219 -4.254324173515066 -3.7872798455821552 -2.8754631716987262 -3.317313521750229 -3.8713100064145465 -3.8565792148700666 -4.6507224725320455 -3.492548939098029 -3.098100524409233 -4.135056026875439 -4.38920148080723 -4.598685637308215 -4.776919602168846 -4.931665686882745
-2.0 0.04 0.3 3.0 -1.4 -2.675882237340573 -2.39760356080528 -2.626077047615418 -2.8882671433889016 -3.64294224624966 -3.824749189638439 -2.761878592218487 -2.784336004351552 -2.983050186902439 -3.2923787334388663 -2.408101013308773 -1.929555750027056 -3.1876883908688782 -3.684008674640083 -3.2747010569416304 -2.8331260491411783 -2.804737041657937 -3.528400283858332 -3.5481521844343504 -4.4320096057383225 -3.2615762167022453 -2.867132211680918 -4.10405286028886 -4.358942536053355 -4.570118580989238 -4.7503125721947015 -4.907349521643205
-2.0 0.04 0.3 3.0 -1.7 -2.9790589401376764 -2.720857993508361 -2.831561447813229 -3.353723737813532 -3.688882157337496 -3.8002174060310168 -3.1667444874289927 -3.1117418570232047 -3.2481130013742145 -3.4143926503541597 -2.601868943783302 -2.12330308275979 -3.8641997166978896 -4.360513510731416 -3.708298229270021 -2.956519829977452 -3.2383277040886966 -3.931777020653549 -3.90731443706251 -4.762205006726077 -3.521000868326645 -3.12654570025105 -4.213170525403044 -4.468763844769754 -4.679189273932373 -4.858205436476339 -5.013658295786456
-3.5 0.008 0.3 3.0 -1.4 -4.2779834115884725 -2.9615388038214334 -2.49051521077606 -2.608906033729369 -2.857297754262383 -3.08799594277135 -1.900181290384772 -4.093395628275019 -2.683442600022232 -2.5979106494279023 -2.3421604461420387 -1.86359655186601 -2.8325349711569103 -3.3288641989056416 -3.3134084135384967 -2.1318730269286306 -2.843450848668219 -2.750972947452816 -2.736174634478786 -3.948345915886712 -2.936291440608585 -2.541845808831148 -3.399800597430336 -3.652923803930264 -3.8610660597430737 -4.035660214266869 -4.18492722986403
-3.5 0.008 0.3 3.0 -1.7 -4.391495360766605 -3.131314426051709 -2.733486080090877 -2.8674841650873617 -2.898046822522801 -3.110104700569672 -2.0517239955170297 -4.426780172885579 -2.8799528056469583 -2.719057594001299 -2.521635548830318 -2.043068381836896 -3.113825240270266 -3.6101431393812575 -3.4577972175659752 -2.256466718156581 -2.98783793202918 -2.933897803233229 -2.900595627654461 -4.141510926368788 -3.1082173104582367 -2.71376814597145 -3.5171121306235165 -3.769678831080924 -3.976130498611667 -4.148821177269646 -4.295900983583039
-3.5 0.014 0.3 3.0 -1.4 -3.933003579550302 -3.030495560240716 -2.4891066216344697 -2.778325002929229 -2.845210971261253 -3.0762328628674425 -1.8524473359197344 -4.019342269218733 -2.646872713391865 -2.6159513979713798 -2.295403401797969 -1.816844084565986 -2.7894674629306024 -3.285779246757407 -2.987162775294827 -2.1504823128572284 -2.517212140867344 -2.673582204445609 -2.639520191828055 -3.92981431362162 -2.8101168373530854 -2.4156574660275965 -3.406758251004163 -3.6624409123712662 -3.8709226757472655 -4.045738189012624 -4.195090837687289
-3.5 0.014 0.3 3.0 -1.7 -4.021093981891838 -3.178663369623841 -2.7319605500657573 -3.093632629784146 -2.9021182552861333 -3.1105974408098263 -2.0341447613412527 -4.383881731247705 -2.8717300048303755 -2.734993394339412 -2.501014401914766 -2.022445573930618 -3.058732118820764 -3.555050065950184 -3.147941085700729 -2.2714189831286262 -2.6779668713681986 -2.851366501510654 -2.8030228646248787 -4.154269591497346 -2.989403263793477 -2.5949782438069136 -3.5219821295352105 -3.7771015273905775 -3.984305011473481 -4.157428201182761 -4.304763558975786
-3.5 0.017 0.3 3.0 -1.4 -3.819501376767988 -3.065951225767705 -2.488812066682776 -2.876017763788539 -2.8627725235570907 -3.0909416620627965 -1.8618552558205157 -4.007291877880455 -2.656926365548202 -2.623076475581968 -2.297423000036176 -1.8188713002527024 -2.791531769734384 -3.287855585785117 -2.883890585936655 -2.1569417224567218 -2.413930556969497 -2.659238708237325 -2.6186141339866253 -3.9471137647436194 -2.777517642861092 -2.3830626046697603 -3.4094925379914187 -3.666230399126526 -3.8750721208894703 -4.050088177647069 -4.199551002618087
-3.5 0.017 0.3 3.0 -1.7 -3.898562264861148 -3.198404227473695 -2.7317731623353723 -3.2125749506198176 -2.924927737293885 -3.1280886334497424 -2.055181866252745 -4.384860405666075 -2.892383070008215 -2.7417459464928484 -2.512380913063609 -2.033816013637193 -3.0568172195517747 -3.553136768517483 -3.05122527286612 -2.277045410183014 -2.581251383750427 -2.836302054107428 -2.7829637413723702 -4.1831292635994615 -2.9596746208002784 -2.56523953771147 -3.5243578624453 -3.780546462923191 -3.9881759044056935 -4.161591721505815 -4.309077748893955
-3.5 0.02 0.3 3.0 -1.4 -3.73039366916052 -3.0967580365337213 -2.488651484509788 -2.97571962395292 -2.8890401188751227 -3.1129343563498466 -1.882861333596118 -4.002569926202526 -2.6761705998243315 -2.62930190742442 -2.3064928913654867 -1.82792274303052 -2.802664296869935 -3.299002238747434 -2.803050459026004 -2.162190683249662 -2.333089085870135 -2.6537252838578738 -2.607566868444451 -3.972568842233095 -2.7549564260693917 -2.3605135107314155 -3.4117955439615173 -3.669525348513865 -3.87873569477042 -4.054004869005908 -4.203592201391942
-3.5 0.02 0.3 3.0 -1.7 -3.801645375263057 -3.213525422361556 -2.731749744553049 -3.332033669015672 -2.955617052926464 -3.1520142173799712 -2.0867267038509283 -4.392351999896171 -2.9213981996446066 -2.7478511451814924 -2.529942498327088 -2.05137189655737 -3.0663659474425917 -3.562693468675725 -2.9764183423350588 -2.2818222844225677 -2.506444365703217 -2.8312374243776404 -2.7736063369819206 -4.2190637373309485 -2.9398311880548533 -2.545368530047611 -3.5265130299354297 -3.783728507029828 -3.9917831984103103 -4.165490284610037 -4.313113591974606
-3.5 0.03 0.3 3.0 -1.4 -3.5455362672488637 -3.1635682736294086 -2.4888254512110777 -3.304334487744065 -3.0122667194911656 -3.214143635251574 -2.002172554507545 -4.009363724273513 -2.777439590834774 -2.647161710018928 -2.3611415001532947 -1.8825629747173809 -2.886691850081611 -3.3830311306340235 -2.632867807569248 -2.1759327704921887 -2.1628978902855494 -2.676500391568247 -2.6158617251412863 -4.088613314720035 -2.721635152262309 -2.327191220530352 -3.4190066368772847 -3.679604429763529 -3.890151579243891 -4.066219232314538 -4.216210723789352
-3.5 0.03 0.3 3.0 -1.7 -3.5985305290569087 -3.237951958290047 -2.732218340284639 -3.725749757483783 -3.0824577318897752 -3.248043801513276 -2.235965914850261 -4.437195802085725 -3.053370908983574 -2.766267990633956 -2.6119521111715613 -2.1333937045721925 -3.157890236559389 -3.654214718040784 -2.82376400023913 -2.295600650507112 -2.3537825799889305 -2.860120913598763 -2.790592231903624 -4.367026720321071 -2.915352239145271 -2.5208999818917093 -3.53420090132682 -3.794281501896904 -4.0037817508404245 -4.178342385716725 -4.326407786050517
-3.5 0.04 0.3 3.0 -1.4 -3.447660366168805 -3.1926544251715114 -2.489173593812488 -3.612396638715445 -3.1516014865131368 -3.3229408226078405 -2.15898484750624 -4.023274131469073 -2.906298215194454 -2.663280167635655 -2.433291526607533 -1.9547161486048663 -3.023232895107988 -3.5195618528221857 -2.547110048823505 -2.1879293235223543 -2.0771448437880977 -2.734474664780926 -2.662301194035919 -4.227040524969745 -2.722161666997956 -2.32771737521108 -3.426873005565227 -3.6898166724283072 -3.901563954659636 -4.078355135561935 -4.228706557370941
-3.5 0.04 0.3 3.0 -1.7 -3.493210942605017 -3.242057650590219 -2.7328282715969863 -4.103402140853 -3.204752776207151 -3.334747433496517 -2.4171869328295728 -4.484391050765517 -3.212681243375449 -2.7832800328097207 -2.7138580247966644 -2.2353009362016323 -3.3151725847793543 -3.811493366181885 -2.7527880292578857 -2.308229137383101 -2.2828123147038326 -2.9268684350590064 -2.847130945782986 -4.536973478913573 -2.9261717155988904 -2.5317117612923923 -3.542648053889309 -3.805152780368559 -4.015913955931673 -4.191215299969585 -4.339618394476844
-3.0 0.008 0.3 3.0 -1.4 -3.6743817271899744 -2.521390221398775 -2.436673199610418 -2.37802443802741 -2.923250359375998 -3.1331811970739523 -2.0782667168552464 -3.4802244921125407 -2.630190641326457 -2.623733364129897 -2.1577778043265354 -1.6792100223011914 -2.964450196989944 -3.4607858526501687 -3.517912858173517 -2.159367046975412 -3.047948959287538 -3.012838918456957 -3.0082424604656524 -3.892891830051447 -2.9224867485023367 -2.5280485453190167 -3.4328912551673056 -3.6845964953656463 -3.892349173853511 -4.066786130392437 -4.216124993672565
-3.0 0.008 0.3 3.0 -1.7 -3.782647680118636 -2.7626070847382778 -2.689434127716801 -2.658545690246946 -2.9680666597243928 -3.151780083073696 -2.2446817025010404 -3.817699500406661 -2.8244591959832306 -2.750752710776048 -2.336007130915803 -1.8574228390794687 -3.332136296097019 -3.828449054323258 -3.6865335273417656 -2.2898403080539893 -3.216553813588817 -3.227223695847755 -3.195765128815367 -4.091456006862707 -3.097757714025136 -2.7033128762275997 -3.55431797314732 -3.805679954696579 -4.011579290265978 -4.183884696835449 -4.330757523148634
-3.0 0.014 0.3 3.0 -1.4 -3.458533088118166 -2.631378456034504 -2.4436974992327123 -2.542451139588991 -2.9312947803080576 -3.142082806162016 -2.028394843363792 -3.4197366587658777 -2.605898697959958 -2.6600519383056493 -2.1215069286286976 -1.6429422462496603 -2.949504241116145 -3.4458259237650424 -3.201777646082512 -2.196324426358096 -2.7318200016885115 -2.962016050552876 -2.9351677802614238 -3.8872944789691104 -2.817528282394626 -2.423071539697581 -3.4577972175659752 -3.712265434203509 -3.9204931551752296 -4.095425095879016 -4.245238974831722
-3.0 0.014 0.3 3.0 -1.7 -3.5426329034652118 -2.878210431140701 -2.6952510405129075 -2.8777513460219453 -2.98783793202918 -3.1685013574470915 -2.223153591304701 -3.783702113369607 -2.830707725120064 -2.7853150692494 -2.3285309380002417 -1.849950054837613 -3.3159449833997385 -3.8122819174323936 -3.3848077326260366 -2.323251535589229 -2.914852187873094 -3.16893047374748 -3.118746621585025 -4.120153216839256 -3.002674788147601 -2.608218314691115 -3.5774429878806373 -3.831531981145517 -4.038370115068275 -4.211506383476788 -4.359071579133165
-3.0 0.017 0.3 3.0 -1.4 -3.403270986846508 -2.6864702267977094 -2.447258799351559 -2.6313970414408203 -2.9528419988716905 -3.1608866365225268 -2.034360931123324 -3.411235438539528 -2.617478675810318 -2.6751210568880097 -2.1259764916526507 -1.647412329413953 -2.962772765417725 -3.459107683984527 -3.101488728213255 -2.210764886827647 -2.6315271615596387 -2.95581314923264 -2.9213981996446066 -3.906858595248849 -2.7927427412836607 -2.398298449496785 -3.468431678591017 -3.7240440182462535 -3.932668719791834 -4.107949942617715 -4.2580530546884106
-3.0 0.017 0.3 3.0 -1.7 -3.482540173459768 -2.92767656170696 -2.698319050706424 -2.9871206128287118 -3.0116461998477035 -3.1876214888458065 -2.2398792147354314 -3.786561937376227 -2.853251986369358 -2.800409359396305 -2.343384404274886 -1.8648037203933967 -3.3253684624829205 -3.821685065167841 -3.289933432535108 -2.337298819119461 -2.819960189072823 -3.161094265850465 -3.104621659210963 -4.151958753109419 -2.981424316532745 -2.586985387665756 -3.5881783435649126 -3.843390281834303 -4.050756409431735 -4.224294913047558 -4.3721939264342495
-3.0 0.02 0.3 3.0 -1.4 -3.3630810321404496 -2.7366953997127013 -2.4506901410805 -2.720173418205988 -2.9800948001953884 -3.184150072858074 -2.051318128789319 -3.4088908522338173 -2.6363128241104548 -2.688924591699923 -2.136647394700809 -1.6580711162541917 -2.983970036923978 -3.4802769843446626 -3.022861943945422 -2.223698434534988 -2.552888502702352 -2.956755645991514 -2.9158886480593225 -3.933115256870231 -2.7769975607895887 -2.382538334969091 -3.478378182909694 -3.7350169876835366 -3.94408677608385 -4.119729615397162 -4.2701065960367615
-3.0 0.02 0.3 3.0 -1.7 -3.440105339163999 -2.969238409048984 -2.701365216875565 -3.0952357818531557 -3.0403338640939026 -3.2103628896169525 -2.266778652687833 -3.794931035735537 -2.881999966578718 -2.814656198417815 -2.363461957063599 -1.8848889644956517 -3.3413590941775766 -3.837674610809323 -3.216346497760732 -2.350353651597686 -2.7463712698062466 -3.161125733500768 -3.0994908611485883 -4.1890688704251104 -2.9687127511230003 -2.574270195403898 -3.598564992770129 -3.854772507347605 -4.062657666635658 -4.236586982367058 -4.3847971987845895
-3.0 0.03 0.3 3.0 -1.4 -3.2753064253274147 -2.860939921350699 -2.461401134137823 -3.003737943775299 -3.0940261223507832 -3.278354233710253 -2.1559455195152566 -3.4187104156498838 -2.726420054323796 -2.7301136297213238 -2.19282364971636 -1.7142627098533438 -3.086281491016237 -3.582611353834324 -2.8568914772374896 -2.26128284679816 -2.386909067965441 -2.990676606618983 -2.933748638031041 -4.044759760202879 -2.760500315968372 -2.36604702096156 -3.5093814450798675 -3.76886186397028 -3.979390146622293 -4.156101025672754 -4.307294051098722
-3.0 0.03 0.3 3.0 -1.7 -3.3566065495268447 -3.058240186185301 -2.710745591945816 -3.441783588718998 -3.1520203805139744 -3.295806570805844 -2.3997024727274194 -3.8381530404714814 -3.0025830325610983 -2.8571414488866083 -2.4487574393740417 -1.9701699806893416 -3.4316105135081614 -3.927934008585254 -3.065168380818413 -2.388733525400042 -2.595200481142349 -3.197103185055745 -3.122524988775808 -4.332649795592623 -2.961260651895252 -2.566806408285153 -3.63078414258986 -3.889848171481731 -4.099283391280892 -4.274374181786939 -4.423439829726831
-3.0 0.04 0.3 3.0 -1.4 -3.2139730058487714 -2.929851263847695 -2.470826396738275 -3.256905914419505 -3.218905542740032 -3.3771127725508734 -2.2990281758090205 -3.4316691805462085 -2.83434027979051 -2.7664708727313823 -2.2604909453317035 -1.7819373821736235 -3.216325056943077 -3.712646227285255 -2.773193950499269 -2.2940251635824467 -2.3032243743438485 -3.0514892311623427 -2.982799656476168 -4.171365878382751 -2.771522645554945 -2.3770817267537225 -3.538141461191472 -3.7998885403762017 -4.011664044143949 -4.189283708164787 -4.34113040779804
-3.0 0.04 0.3 3.0 -1.7 -3.308220306400422 -3.097485834762793 -2.7190348519029044 -3.760725552976744 -3.2615762167022453 -3.3756353857369703 -2.568153954301273 -3.8796564375619766 -3.1421008777954214 -2.8947964842896567 -2.5466052063867224 -2.0680338852718307 -3.56602226636889 -4.062336698841079 -2.995807643740285 -2.422485222226633 -2.5258128841825496 -3.2660968778673407 -3.181543160099345 -4.491187576655193 -2.982299028775884 -2.5878419679908973 -3.660429317998563 -3.921833291831845 -4.13260323070412 -4.308644396254714 -4.458383318487613
-4.0 0.008 0.3 3.0 -1.4 -4.994862404091137 -3.5104493022494268 -2.622165775529453 -2.9554602396075893 -2.7802059733080213 -3.0343186285681654 -1.837226561164812 -4.808074148288561 -2.805208242278077 -2.6020426198961104 -2.6974526275125115 -2.218876786277057 -2.6632601665081594 -3.1595802222635143 -3.2084075870125943 -2.1345465974231246 -2.738427880885524 -2.527360548119354 -2.51864337892087 -4.133305147144036 -3.068221866251122 -2.673766579095762 -3.397581863439072 -3.6519873615778025 -3.860687754421328 -4.035660214266869 -4.18525311950502
-4.0 0.008 0.3 3.0 -1.7 -5.109623698505743 -3.625599962197761 -2.8563607647254585 -3.195662896173971 -2.835438970734444 -3.075575973232929 -1.981382707480556 -5.134144215358319 -3.007795648576732 -2.715727220142277 -2.873901076711398 -2.3953420279521325 -2.886123467368946 -3.3824440335986523 -3.344266259710203 -2.2515018733862604 -2.8742910740273477 -2.692696549133238 -2.6705004242371544 -4.31951944375804 -3.236347429435469 -2.841878849662507 -3.5087363837353323 -3.7624813953668905 -3.9696836940114153 -4.142957129776136 -4.290636743590682
-4.0 0.014 0.3 3.0 -1.4 -4.608958980328872 -3.482606140571903 -2.613661583642489 -3.1203193355618097 -2.7655586487336663 -3.0170823304794965 -1.7933360030090668 -4.722436623944084 -2.7574337271901896 -2.6144652210897945 -2.635092710441967 -2.1565180569600457 -2.598513298225832 -3.094841192245028 -2.879393168943224 -2.1479105589811027 -2.409403346743602 -2.4331737614129523 -2.4086459597859147 -4.101329657034469 -2.926135077097001 -2.531667441760227 -3.399909650886592 -3.656591406196142 -3.865504144165328 -4.040543601414861 -4.190056659725236
-4.0 0.014 0.3 3.0 -1.7 -4.702173857414671 -3.557065792243733 -2.8484462954570238 -3.4174366904786453 -2.8400119496180096 -3.0731175939122366 -1.9659734762248888 -5.081974908349231 -2.987584625237566 -2.725911458577293 -2.8353497840657056 -2.356784276042326 -2.8220885239059896 -3.31840604163137 -3.031442340542405 -2.261179817914318 -2.561473472794681 -2.5987028749784145 -2.563710105820362 -4.316979993379277 -3.101785085062815 -2.707323132814885 -3.508806452705315 -3.7648757359805383 -3.972568842233095 -4.146161911969017 -4.2939055232285455
-4.0 0.017 0.3 3.0 -1.4 -4.468725504934646 -3.477842782593584 -2.6100192701179807 -3.22306647978462 -2.7888260432715057 -3.036599433823831 -1.807376799987054 -4.706460669268246 -2.767283350221831 -2.6183976272402987 -2.63236458020949 -2.153792824458833 -2.5969824857777226 -3.093314861858417 -2.776685810235868 -2.1511399391574955 -2.306712842994344 -2.4153861238282204 -2.385282020127171 -4.116844116615113 -2.8885694482340227 -2.494117767407801 -3.3996370685734973 -3.6573602262055616 -3.86658884408898 -4.041785030245862 -4.191336731880931
-4.0 0.017 0.3 3.0 -1.7 -4.555455584260464 -3.5347361496434075 -2.845089354211474 -3.541316835653518 -2.87027789130412 -3.0969643032115 -1.9912721133476128 -5.07975663293189 -3.0082822977017685 -2.729484200425645 -2.8408239682065286 -2.3622401712927825 -2.824227340398465 -3.3205539324507924 -2.935392279869376 -2.263651312591953 -2.4654155116214937 -2.5831598629262302 -2.543406249755592 -4.343585539702964 -3.0673639125843053 -2.6729068329514902 -3.508204228686409 -3.7653055928577785 -3.973425881849664 -4.147202940768246 -4.295026305882814
-4.0 0.02 0.3 3.0 -1.4 -4.349323434820938 -3.4733506230026165 -2.606688085299801 -3.329958350451875 -2.823706117461235 -3.066588644397648 -1.833777165427918 -4.698362417273131 -2.7886124470631444 -2.621711140643072 -2.63749867607099 -2.1589347479250023 -2.608218314691115 -3.104544302975356 -2.6970633002951345 -2.153415497101953 -2.227099131245751 -2.408545816299295 -2.373546710207592 -4.142335877486119 -2.8622662052462857 -2.4678063628309204 -3.3991577388403016 -3.6578340235872417 -3.867420152340266 -4.042814283684351 -4.19242438555834
-4.0 0.02 0.3 3.0 -1.7 -4.431176623563189 -3.515771362306282 -2.8420599440352348 -3.667561540084392 -2.9100948885606 -3.1288592389806027 -2.0275564680643825 -5.084510465592402 -3.03947214479512 -2.732476283614538 -2.8534378868424426 -2.3748522416765923 -2.84043280676638 -3.3367609346361533 -2.861665717928979 -2.265256160417465 -2.391698659614974 -2.579235862528208 -2.535108238360202 -4.378938021287056 -3.043956495195445 -2.6495000088711933 -3.507365309237038 -3.765457408688469 -3.973998182642824 -4.147996039203889 -4.295900983583039
-4.0 0.03 0.3 3.0 -1.4 -4.051347455837586 -3.455770676220773 -2.596707854841746 -3.687547592847558 -2.9799703664573016 -3.1987541191805846 -1.968672342238868 -4.696933602076491 -2.9041335465214573 -2.630357481594743 -2.6822499711577663 -2.203689376075445 -2.707367407917573 -3.203703259948206 -2.530664076900869 -2.157627939945961 -2.0607004461283225 -2.433279748650953 -2.384365531122583 -4.263659282248554 -2.820908023046009 -2.426443820668169 -3.397299896278156 -3.6587435825687393 -3.8696018963471994 -4.04568511417822 -4.195533436032662
-4.0 0.03 0.3 3.0 -1.7 -4.122524988775808 -3.468048725346016 -2.8328599644916395 -4.086832774211437 -3.0656328669395947 -3.249645911237294 -2.1894046011132247 -5.123360774845466 -3.18339417827449 -2.741099443216392 -2.921978419479615 -2.4434201219109326 -2.9662144831577706 -3.462520920631725 -2.7110357391038638 -2.2689514171907845 -2.2410729756537364 -2.6142865064327694 -2.557065792243733 -4.528649604462636 -3.0113385010895897 -2.616885094657931 -3.50534458584314 -3.766242637034488 -3.976171607465112 -4.1509124230172105 -4.299080054579711
-4.0 0.04 0.3 3.0 -1.4 -3.85031911751706 -3.436673199610418 -2.5877411061018663 -4.022843633576642 -3.1411681596093004 -3.327135872890267 -2.131737720784045 -4.705577866887019 -3.046834911133232 -2.637838086503088 -2.7468316740985586 -2.268258170970313 -2.8638504139114715 -3.360165019697263 -2.44372162737416 -2.1608174487994205 -1.9737528185222288 -2.49183402869663 -2.431118023020417 -4.406713932979542 -2.815592514587678 -2.42114312439854 -3.39652001821107 -3.660270381315392 -3.872279847107677 -4.048963774258247 -4.199001271392447
-4.0 0.04 0.3 3.0 -1.7 -3.9134266343794266 -3.4351919553134 -2.8245461737495177 -4.487969671912587 -3.202753239306702 -3.347792350651737 -2.374121893958545 -5.168456548854387 -3.351932870551068 -2.748970461476098 -3.012007689826639 -2.533443760328751 -3.137081876700897 -3.633408961310828 -2.63687711170585 -2.272320506431292 -2.166897531517876 -2.682605324879724 -2.613893592863924 -4.698492542961567 -3.015130786240526 -2.6206763492466862 -3.504705488310499 -3.7679955170281687 -3.9791003271374654 -4.154474080559531 -4.302831706940125
